TRB successful solve
iter: 5 
x: -3.724693 0.000000 0.000000 
objective: -0.758966 
gradient: 0.000000 0.000000 0.550614 
f_eval: 6 
time: 0.000188 
status: 0 
